2400
4
0.25 3.00306 -0.017933 0.0850375 -0.00261252 -0.00261252 0.0523775
0.25 1.99555 1.99311 0.0707609 -0.00235192 -0.00235192 0.0750368
0.249975 0.997998 -0.993999 0.0483878 0.000728517 0.000728517 0.0807676
0.250025 0.49893 0.509278 0.0379013 -0.00264949 -0.00264949 0.0407362
2400
4
0.249634 -0.503759 -0.014981 0.067924 -0.00593991 -0.00593991 0.0691033
0.250617 0.79469 1.50773 0.0325006 0.000385762 0.000385762 0.0475773
0.249174 1.49907 -5.09279e-05 0.072716 -0.00492702 -0.00492702 0.0749338
0.250575 2.50374 0.98681 0.0394932 0.000301976 0.000301976 0.0547735
